101
202
303
404
505
506
507
508
509
510
511
512
513
514
515
516
617
718
819
820
821
822
823
824
825
926
1027
1028
1029
1030
1031
1032
1033
1034
1035
1036
1037
1038
1039
1040
1041
1042
1143
1242
1241
1240
1239
1238
1237
1236
1235
1234
1333
1432
1531
1630
1729
1828
1827
1826
1825
1824
1823
1822
1821
1820
1819
1818
1817
1816
1815
1814
1813
1812
1911
2011
2111
2211
2311
2411
2512
2613
2714
2815
2916
3017
3118
3219
3220
3321
3322
3323
3324
3325
3326
3327
3328
3329
3330
3331
3332
3433
3434
3435
3436
3437
3438
3439
3440
3441
3442
3443
3444
3545
3546
3547
3548
3549
3650
3750
3850
3950
4050
4150
4250
4350
4451
4552
4653
4754
4855
4956
4957
4958
4959
4960
4961
4962
4963
4964
4965
4966
4967
4868
4767
4766
4765
4764
4763
4762
4761
4760
4759
4758
4657
4558
4559
4560
4561
4562
4563
4564
4465
4364
4264
4163
4162
4161
4160
4159
4158
4057
3958
3959
3960
3961
3962
3963
3964
3965
3966
4067
4167
4267
4368
4369
4370
4371
4372
4373
4274
4175
4076
4077
4078
4079
3980
3879
3778
3777
3776
3775
3774
3773
3772
3771
3770
3769
3668
3667
3666
3665
3664
3663
